
2.18
2.33
0.99
0.03
0.74
2.18
2.34
1.0
0.02
0.76
2.2
2.33
0.99
0.02
0.77
2.21
2.32
0.99
0.0
0.75
2.18
2.33
0.96
0.01
0.77
2.21
2.34
0.9500000000000001
0.0
0.78
2.2
2.33
0.98
0.0
0.76
2.18
2.32
0.96
0.01
0.78
2.21
2.33
0.97
0.01
0.78
2.19
2.33
0.96
0.02
0.77
2.22
2.31
0.96
0.0
0.77
2.21
2.32
0.9500000000000001
0.01
0.75
2.21
2.33
0.9500000000000001
0.0
0.8
2.19
2.33
0.97
0.02
0.79
2.22
2.32
0.9500000000000001
0.01
0.81
2.23
2.31
0.93
0.02
0.81
2.22
2.31
0.9400000000000001
0.04
0.81
2.22
2.32
0.92
0.01
0.8
2.23
2.31
0.9400000000000001
0.02
0.81
2.23
2.3000000000000003
0.91
0.0
0.8300000000000001
2.23
2.3000000000000003
0.92
0.01
0.8300000000000001
2.25
2.3000000000000003
0.91
0.0
0.8300000000000001
2.23
2.27
0.91
0.0
0.84
2.25
2.2800000000000002
0.9
0.0
0.85
2.2600000000000002
2.29
0.89
0.0
0.87
2.27
2.2800000000000002
0.9
0.01
0.86
2.27
2.2600000000000002
0.87
0.01
0.88
2.27
2.27
0.87
0.01
0.88
2.2600000000000002
2.2600000000000002
0.85
0.01
0.89
2.2800000000000002
2.2600000000000002
0.85
0.0
0.88
2.2800000000000002
2.25
0.84
0.0
0.89
2.2800000000000002
2.23
0.84
0.0
0.9
2.29
2.25
0.84
0.01
0.91
2.31
2.2600000000000002
0.84
0.0
0.93
2.29
2.24
0.8200000000000001
0.01
0.9
2.31
2.22
0.8200000000000001
0.02
0.93
2.3000000000000003
2.24
0.8
0.0
0.93
2.31
2.23
0.79
0.02
0.9400000000000001
2.33
2.21
0.8
0.01
0.96
2.3000000000000003
2.2
0.79
0.0
0.9500000000000001
2.31
2.22
0.79
0.01
0.97
2.33
2.21
0.77
0.0
0.97
2.32
2.22
0.76
0.01
0.97
2.33
2.18
0.76
0.0
0.98
2.33
2.19
0.75
0.0
1.01
2.34
2.2
0.76
0.02
1.0
2.34
2.19
0.75
0.02
1.01
2.33
2.18
0.72
0.01
1.01
2.35
2.17
0.72
0.01
1.02
2.34
2.17
0.71
0.02
1.04
2.37
2.14
0.72
0.02
1.04
2.36
2.15
0.7000000000000001
0.01
1.05
2.34
2.16
0.6900000000000001
0.02
1.04
2.38
2.15
0.7000000000000001
0.03
1.05
2.35
2.15
0.6900000000000001
0.03
1.05
2.36
2.15
0.67
0.03
1.05
2.38
2.13
0.67
0.01
1.08
2.37
2.13
0.67
0.02
1.09
2.38
2.12
0.65
0.01
1.08
2.39
2.12
0.64
0.02
1.09
2.41
2.1
0.63
0.04
1.1
2.39
2.1
0.65
0.01
1.1300000000000001
2.38
2.09
0.63
0.02
1.1
2.38
2.13
0.63
0.02
1.11
2.41
2.1
0.62
0.03
1.1300000000000001
2.39
2.09
0.63
0.04
1.1400000000000001
2.41
2.07
0.62
0.05
1.1400000000000001
2.41
2.07
0.58
0.04
1.1400000000000001
2.4
2.05
0.6
0.05
1.19
2.42
2.07
0.6
0.05
1.16
2.44
2.05
0.59
0.04
1.18
2.43
2.0300000000000002
0.58
0.06
1.22
2.41
2.0300000000000002
0.58
0.04
1.21
2.44
2.0300000000000002
0.56
0.04
1.22
2.43
2.0300000000000002
0.54
0.04
1.21
2.44
2.0
0.52
0.06
1.23
2.44
2.0100000000000002
0.55
0.03
1.25
2.41
1.98
0.52
0.05
1.25
2.44
1.99
0.53
0.07
1.25
2.45
1.98
0.5
0.06
1.27
2.44
1.99
0.5
0.07
1.26
2.44
1.97
0.48
0.05
1.26
2.46
1.98
0.49
0.08
1.3
2.46
1.96
0.48
0.09
1.3
2.44
1.96
0.5
0.06
1.3
2.46
1.96
0.48
0.09
1.3
2.46
1.95
0.48
0.09
1.32
2.46
1.94
0.47000000000000003
0.09
1.3
2.47
1.95
0.47000000000000003
0.09
1.3
2.47
1.94
0.45
0.1
1.31
2.47
1.93
0.46
0.1
1.33
2.47
1.92
0.45
0.11
1.35
2.47
1.9100000000000001
0.46
0.08
1.35
2.48
1.9000000000000001
0.44
0.1
1.36
2.47
1.9100000000000001
0.43
0.1
1.34
2.45
1.9100000000000001
0.42
0.1
1.37
2.47
1.8900000000000001
0.42
0.09
1.37
2.46
1.9000000000000001
0.44
0.11
1.3800000000000001
2.49
1.8900000000000001
0.45
0.12
1.37
2.47
1.9000000000000001
0.42
0.1
1.37
2.49
1.9000000000000001
0.43
0.1
1.37
2.48
1.8800000000000001
0.43
0.1
1.37
2.47
1.87
0.43
0.12
1.4000000000000001
2.47
1.87
0.42
0.11
1.4000000000000001
2.49
1.87
0.4
0.11
1.3900000000000001
2.5100000000000002
1.87
0.38
0.13
1.41
2.48
1.86
0.4
0.11
1.42
2.48
1.85
0.4
0.12
1.41
2.5
1.85
0.37
0.13
1.42
2.49
1.84
0.39
0.12
1.44
2.5
1.83
0.36
0.14
1.43
2.49
1.83
0.35000000000000003
0.13
1.43
2.49
1.83
0.36
0.16
1.46
2.5
1.82
0.36
0.15
1.46
2.5
1.81
0.34
0.14
1.49
2.49
1.79
0.37
0.15
1.48
2.5
1.8
0.34
0.17
1.49
2.5100000000000002
1.78
0.35000000000000003
0.16
1.49
2.5
1.78
0.34
0.16
1.5
2.5
1.78
0.34
0.17
1.5
2.5100000000000002
1.76
0.31
0.17
1.51
2.5100000000000002
1.77
0.32
0.17
1.52
2.5100000000000002
1.75
0.31
0.18
1.53
2.48
1.75
0.32
0.18
1.52
2.5
1.75
0.3
0.2
1.54
2.5100000000000002
1.72
0.31
0.19
1.55
2.5100000000000002
1.75
0.29
0.2
1.56
2.5300000000000002
1.71
0.3
0.2
1.56
2.5
1.74
0.29
0.21
1.55
2.47
1.71
0.27
0.18
1.55
2.54
1.69
0.28
0.19
1.57
2.5100000000000002
1.71
0.29
0.21
1.57
2.5
1.69
0.28
0.19
1.57
2.5
1.7
0.28
0.22
1.59
2.5100000000000002
1.68
0.26
0.21
1.57
2.5100000000000002
1.69
0.27
0.23
1.59
2.5100000000000002
1.69
0.26
0.23
1.61
2.5
1.67
0.27
0.22
1.61
2.5100000000000002
1.68
0.27
0.23
1.61
2.5100000000000002
1.68
0.28
0.2
1.6
2.5
1.6600000000000001
0.28
0.22
1.61
2.5
1.6600000000000001
0.26
0.22
1.62
2.49
1.6600000000000001
0.26
0.22
1.62
2.52
1.68
0.26
0.22
1.62
2.5100000000000002
1.67
0.25
0.22
1.6400000000000001
2.49
1.6600000000000001
0.25
0.25
1.6400000000000001
2.52
1.6500000000000001
0.24
0.26
1.6300000000000001
2.5
1.6400000000000001
0.24
0.25
1.6400000000000001
2.5100000000000002
1.6300000000000001
0.22
0.25
1.6500000000000001
2.5
1.62
0.23
0.25
1.6600000000000001
2.49
1.6300000000000001
0.23
0.25
1.6500000000000001
2.49
1.6300000000000001
0.22
0.26
1.6400000000000001
2.5300000000000002
1.62
0.23
0.26
1.6600000000000001
2.5100000000000002
1.61
0.23
0.26
1.6600000000000001
2.5100000000000002
1.6
0.22
0.27
1.67
2.49
1.6
0.22
0.27
1.69
2.5100000000000002
1.58
0.21
0.26
1.69
2.5100000000000002
1.59
0.21
0.26
1.69
2.5100000000000002
1.59
0.23
0.29
1.7
2.49
1.58
0.21
0.28
1.7
2.5100000000000002
1.57
0.21
0.28
1.71
2.5100000000000002
1.58
0.21
0.28
1.71
2.5
1.56
0.21
0.3
1.72
2.5100000000000002
1.57
0.19
0.32
1.73
2.5
1.55
0.2
0.3
1.72
2.5
1.55
0.2
0.28
1.74
2.5
1.53
0.18
0.29
1.75
2.5
1.54
0.19
0.3
1.76
2.49
1.52
0.17
0.32
1.75
2.5100000000000002
1.53
0.17
0.31
1.74
2.48
1.55
0.18
0.33
1.76
2.49
1.52
0.18
0.32
1.75
2.49
1.52
0.17
0.33
1.75
2.5
1.51
0.17
0.34
1.77
2.49
1.5
0.17
0.34
1.78
2.48
1.5
0.17
0.34
1.79
2.5100000000000002
1.5
0.16
0.33
1.79
2.5
1.49
0.17
0.35000000000000003
1.76
2.49
1.49
0.16
0.34
1.78
2.48
1.5
0.17
0.34
1.79
2.47
1.49
0.17
0.35000000000000003
1.78
2.49
1.49
0.17
0.33
1.8
2.5
1.48
0.17
0.34
1.77
2.49
1.5
0.16
0.33
1.78
2.49
1.49
0.15
0.35000000000000003
1.78
2.47
1.46
0.14
0.36
1.8
2.48
1.47
0.15
0.38
1.79
2.5
1.47
0.13
0.36
1.8
2.49
1.47
0.13
0.37
1.82
2.49
1.46
0.17
0.38
1.81
2.47
1.46
0.13
0.37
1.83
2.48
1.43
0.14
0.37
1.84
2.5
1.45
0.12
0.39
1.84
2.49
1.43
0.14
0.39
1.86
2.47
1.44
0.12
0.4
1.85
2.47
1.43
0.13
0.38
1.84
2.48
1.41
0.13
0.41000000000000003
1.86
2.49
1.4000000000000001
0.13
0.4
1.87
2.48
1.41
0.11
0.41000000000000003
1.86
2.47
1.37
0.13
0.41000000000000003
1.87
2.43
1.4000000000000001
0.11
0.41000000000000003
1.87
2.49
1.3800000000000001
0.13
0.42
1.8900000000000001
2.47
1.4000000000000001
0.09
0.41000000000000003
1.8900000000000001
2.47
1.3800000000000001
0.09
0.41000000000000003
1.86
2.47
1.3800000000000001
0.11
0.43
1.8900000000000001
2.46
1.36
0.09
0.45
1.9000000000000001
2.45
1.37
0.11
0.43
1.8900000000000001
2.46
1.36
0.09
0.44
1.9100000000000001
2.47
1.33
0.1
0.44
1.92
2.46
1.35
0.07
0.46
1.92
2.44
1.34
0.11
0.46
1.93
2.46
1.33
0.09
0.45
1.92
2.46
1.32
0.09
0.46
1.94
2.44
1.33
0.09
0.47000000000000003
1.94
2.46
1.32
0.09
0.48
1.95
2.46
1.34
0.09
0.45
1.94
2.47
1.32
0.08
0.46
1.95
2.47
1.32
0.09
0.48
1.94
2.47
1.32
0.06
0.48
1.94
2.46
1.31
0.07
0.48
1.95
2.47
1.29
0.08
0.48
1.94
2.46
1.29
0.07
0.51
1.95
2.45
1.29
0.08
0.51
1.97
2.45
1.29
0.07
0.52
1.98
2.45
1.27
0.08
0.5
1.97
2.45
1.27
0.09
0.52
1.98
2.45
1.26
0.07
0.53
2.0100000000000002
2.43
1.24
0.07
0.52
2.0
2.43
1.25
0.07
0.5
2.0
2.44
1.24
0.07
0.53
2.02
2.43
1.24
0.06
0.54
2.0
2.44
1.21
0.04
0.56
2.02
2.43
1.21
0.07
0.55
2.02
2.44
1.23
0.04
0.54
2.0300000000000002
2.43
1.22
0.05
0.56
2.0300000000000002
2.45
1.2
0.06
0.55
2.0300000000000002
2.43
1.2
0.04
0.56
2.02
2.41
1.2
0.05
0.5700000000000001
2.04
2.41
1.19
0.05
0.55
2.05
2.44
1.21
0.04
0.58
2.0300000000000002
2.42
1.21
0.06
0.59
2.0300000000000002
2.43
1.21
0.06
0.5700000000000001
2.07
2.43
1.17
0.05
0.58
2.05
2.4
1.19
0.03
0.6
2.06
2.41
1.17
0.05
0.6
2.05
2.44
1.1500000000000001
0.04
0.61
2.06
2.42
1.1400000000000001
0.02
0.61
2.08
2.41
1.1400000000000001
0.04
0.61
2.07
2.41
1.1400000000000001
0.04
0.6
2.08
2.4
1.1500000000000001
0.02
0.63
2.1
2.4
1.1400000000000001
0.05
0.64
2.09
2.4
1.11
0.02
0.63
2.08
2.39
1.12
0.02
0.64
2.1
2.37
1.11
0.03
0.65
2.1
2.39
1.1
0.04
0.66
2.1
2.38
1.08
0.02
0.66
2.1
2.37
1.07
0.03
0.68
2.13
2.39
1.07
0.03
0.65
2.13
2.34
1.08
0.04
0.67
2.13
2.38
1.05
0.0
0.6900000000000001
2.12
2.38
1.07
0.02
0.6900000000000001
2.13
2.37
1.07
0.02
0.6900000000000001
2.13
2.36
1.06
0.01
0.7000000000000001
2.14
2.37
1.06
0.02
0.71
2.15
2.37
1.05
0.03
0.6900000000000001
2.15
2.37
1.06
0.01
0.71
2.14
2.34
1.04
0.02
0.72
2.15
2.36
1.03
0.03
0.7000000000000001
2.15
2.35
1.03
0.0
0.72
2.15
2.37
1.04
0.0
0.7000000000000001
2.16
2.37
1.03
0.02
0.72
2.16
2.34
1.03
0.01
0.72
2.17
2.36
1.03
0.02
0.71
2.17
2.35
1.02
0.01
0.71
2.16
2.37
1.02
0.03
0.72
2.19
2.35
1.01
0.01
0.73
2.16
2.36
1.02
0.01
0.73
2.16
2.33
1.02
0.02
0.71
2.18
2.34
1.0
0.02
0.75
2.19
2.35
0.99
0.0
0.76
2.19
2.34
1.0
0.02
0.75
2.18
2.34
0.98
0.0
0.77
2.18
2.34
0.97
0.02
0.77
2.2
2.33
0.9400000000000001
0.0
0.75
2.21
2.33
0.9500000000000001
0.0
0.75
2.2
2.32
0.98
0.0
0.78
2.22
2.31
0.9500000000000001
0.01
0.78
2.19
2.3000000000000003
0.9500000000000001
0.01
0.8
2.22
2.32
0.9500000000000001
0.02
0.81
2.22
2.32
0.9400000000000001
0.02
0.8
2.22
2.31
0.93
0.0
0.79
2.23
2.31
0.89
0.02
0.79
2.2
2.29
0.93
0.01
0.81
2.21
2.3000000000000003
0.92
0.01
0.81
2.23
2.29
0.91
0.02
0.81
2.21
2.2800000000000002
0.9
0.01
0.8
2.23
2.29
0.91
0.0
0.8300000000000001
2.23
2.29
0.91
0.0
0.8200000000000001
2.2600000000000002
2.29
0.92
0.01
0.8300000000000001
2.24
2.2800000000000002
0.92
0.02
0.8200000000000001
2.24
2.2800000000000002
0.9
0.0
0.8300000000000001
2.25
2.29
0.9
0.0
0.85
2.24
2.27
0.9
0.01
0.84
2.25
2.29
0.88
0.01
0.87
2.27
2.2800000000000002
0.88
0.01
0.85
2.2600000000000002
2.2800000000000002
0.89
0.01
0.86
2.25
2.29
0.89
0.01
0.85
2.27
2.27
0.87
0.0
0.86
2.2600000000000002
2.2800000000000002
0.88
0.02
0.88
2.2800000000000002
2.2600000000000002
0.86
0.01
0.88
2.2600000000000002
2.25
0.87
0.02
0.89
2.29
2.2600000000000002
0.86
0.0
0.89
2.2800000000000002
2.25
0.85
0.0
0.89
2.2800000000000002
2.25
0.85
0.0
0.9
2.2800000000000002
2.24
0.85
0.0
0.88
2.3000000000000003
2.25
0.8300000000000001
0.01
0.9
2.2800000000000002
2.24
0.8300000000000001
0.01
0.91
2.2800000000000002
2.25
0.8300000000000001
0.0
0.91
2.3000000000000003
2.27
0.8300000000000001
0.01
0.93
2.31
2.24
0.8300000000000001
0.0
0.91
2.29
2.22
0.81
0.0
0.91
2.3000000000000003
2.24
0.81
0.0
0.93
2.3000000000000003
2.23
0.81
0.0
0.9400000000000001
2.29
2.23
0.8
0.0
0.92
2.3000000000000003
2.22
0.81
0.0
0.93
2.3000000000000003
2.24
0.81
0.0
0.93
2.3000000000000003
2.23
0.8200000000000001
0.0
0.91
2.3000000000000003
2.24
0.8
0.0
0.96
2.3000000000000003
2.25
0.8200000000000001
0.01
0.92
2.31
2.21
0.79
0.0
0.9400000000000001
2.31
2.19
0.79
0.02
0.9500000000000001
2.31
2.21
0.79
0.0
0.9500000000000001
2.32
2.2
0.79
0.0
0.9500000000000001
2.31
2.21
0.78
0.0
0.96
2.32
2.2
0.76
0.01
0.96
2.32
2.22
0.76
0.01
0.97
2.32
2.2
0.77
0.0
0.9500000000000001
2.33
2.2
0.77
0.01
0.98
2.32
2.21
0.77
0.02
0.96
2.32
2.2
0.76
0.02
0.96
2.33
2.2
0.76
0.0
0.97
2.31
2.2
0.76
0.0
0.97
2.32
2.18
0.76
0.02
0.98
2.33
2.2
0.76
0.02
0.99
2.35
2.18
0.75
0.0
1.0
2.35
2.18
0.74
0.03
0.98
2.34
2.18
0.74
0.02
1.02
2.34
2.18
0.72
0.03
1.02
2.36
2.19
0.73
0.03
1.02
2.36
2.15
0.72
0.01
1.02
2.35
2.13
0.72
0.01
1.04
2.34
2.17
0.68
0.02
1.01
2.36
2.15
0.7000000000000001
0.03
1.05
2.37
2.15
0.7000000000000001
0.05
1.06
2.36
2.13
0.67
0.03
1.05
2.37
2.13
0.68
0.03
1.05
2.39
2.13
0.66
0.0
1.09
2.38
2.13
0.65
0.02
1.09
2.39
2.1
0.68
0.05
1.1
2.37
2.1
0.66
0.02
1.09
2.39
2.12
0.67
0.01
1.06
2.39
2.11
0.66
0.04
1.12
2.39
2.11
0.64
0.03
1.11
2.39
2.11
0.63
0.0
1.1
2.41
2.09
0.64
0.03
1.1400000000000001
2.39
2.09
0.62
0.03
1.1300000000000001
2.41
2.08
0.63
0.03
1.1400000000000001
2.4
2.07
0.63
0.03
1.1400000000000001
2.4
2.06
0.6
0.05
1.1500000000000001
2.43
2.07
0.61
0.04
1.17
2.4
2.04
0.59
0.05
1.18
2.42
2.05
0.59
0.04
1.16
2.42
2.04
0.58
0.05
1.17
2.43
2.04
0.5700000000000001
0.03
1.19
2.42
2.0300000000000002
0.5700000000000001
0.05
1.22
2.43
2.04
0.55
0.04
1.23
2.42
2.0300000000000002
0.54
0.05
1.22
2.42
2.02
0.53
0.05
1.23
2.45
1.99
0.54
0.05
1.24
2.44
2.0100000000000002
0.52
0.07
1.25
2.44
1.97
0.53
0.06
1.26
2.43
1.98
0.51
0.07
1.26
2.44
1.98
0.52
0.05
1.26
2.45
1.98
0.5
0.06
1.3
2.46
1.98
0.51
0.07
1.31
2.45
1.96
0.48
0.07
1.29
2.46
1.96
0.48
0.09
1.31
2.45
1.95
0.47000000000000003
0.09
1.3
2.44
1.95
0.48
0.09
1.29
2.47
1.95
0.47000000000000003
0.09
1.31
2.48
1.92
0.45
0.09
1.34
2.46
1.92
0.47000000000000003
0.07
1.36
2.45
1.92
0.45
0.09
1.35
2.43
1.93
0.42
0.07
1.36
2.46
1.9000000000000001
0.42
0.11
1.37
2.48
1.9000000000000001
0.44
0.09
1.37
2.48
1.9000000000000001
0.41000000000000003
0.12
1.3900000000000001
2.46
1.9000000000000001
0.41000000000000003
0.11
1.36
2.48
1.8900000000000001
0.41000000000000003
0.13
1.3900000000000001
2.49
1.8800000000000001
0.4
0.12
1.3900000000000001
2.5
1.8900000000000001
0.42
0.13
1.41
2.48
1.86
0.41000000000000003
0.13
1.41
2.48
1.84
0.41000000000000003
0.13
1.42
2.49
1.83
0.4
0.11
1.43
2.5
1.83
0.37
0.14
1.43
2.47
1.83
0.39
0.15
1.44
2.49
1.81
0.35000000000000003
0.14
1.46
2.49
1.81
0.36
0.15
1.47
2.5
1.81
0.36
0.15
1.47
2.49
1.81
0.36
0.15
1.48
2.5100000000000002
1.8
0.36
0.16
1.46
2.5100000000000002
1.8
0.35000000000000003
0.17
1.49
2.49
1.81
0.35000000000000003
0.16
1.48
2.48
1.81
0.34
0.16
1.48
2.49
1.78
0.34
0.16
1.48
2.5
1.81
0.35000000000000003
0.17
1.5
2.5
1.77
0.35000000000000003
0.15
1.48
2.5
1.79
0.34
0.17
1.5
2.5
1.8
0.33
0.15
1.52
2.5
1.77
0.33
0.18
1.49
2.49
1.77
0.33
0.16
1.53
2.5100000000000002
1.77
0.33
0.17
1.51
2.5
1.76
0.33
0.16
1.5
2.5
1.77
0.33
0.17
1.52
2.48
1.75
0.31
0.16
1.5
2.5100000000000002
1.76
0.32
0.19
1.52
2.5
1.75
0.3
0.2
1.54
2.5
1.74
0.32
0.19
1.55
2.5100000000000002
1.75
0.29
0.19
1.56
2.5100000000000002
1.73
0.3
0.18
1.58
2.5100000000000002
1.71
0.28
0.2
1.58
2.49
1.72
0.27
0.22
1.58
2.5100000000000002
1.7
0.29
0.21
1.57
2.5100000000000002
1.72
0.29
0.18
1.58
2.5100000000000002
1.69
0.27
0.21
1.59
2.52
1.69
0.28
0.22
1.6
2.49
1.69
0.26
0.22
1.6
2.52
1.69
0.3
0.22
1.61
2.49
1.67
0.28
0.23
1.61
2.5100000000000002
1.68
0.27
0.22
1.59
2.52
1.69
0.24
0.22
1.61
2.5
1.6500000000000001
0.26
0.2
1.6300000000000001
2.5100000000000002
1.67
0.27
0.24
1.59
2.5100000000000002
1.6500000000000001
0.26
0.23
1.6300000000000001
2.5100000000000002
1.67
0.26
0.21
1.62
2.5100000000000002
1.6500000000000001
0.25
0.22
1.62
2.5100000000000002
1.67
0.26
0.22
1.61
2.5
1.6500000000000001
0.25
0.25
1.6300000000000001
2.5100000000000002
1.6600000000000001
0.23
0.25
1.6500000000000001
2.49
1.6500000000000001
0.26
0.22
1.6
2.5
1.6400000000000001
0.27
0.22
1.62
2.52
1.6400000000000001
0.23
0.24
1.6500000000000001
2.5100000000000002
1.6500000000000001
0.25
0.22
1.6500000000000001
2.52
1.6500000000000001
0.25
0.22
1.6500000000000001
2.49
1.6300000000000001
0.23
0.26
1.6500000000000001
2.5100000000000002
1.6400000000000001
0.24
0.25
1.6500000000000001
2.5
1.6500000000000001
0.24
0.25
1.6500000000000001
2.5
1.6500000000000001
0.24
0.26
1.6600000000000001
2.52
1.61
0.21
0.26
1.6500000000000001
2.5
1.6400000000000001
0.22
0.25
1.6500000000000001
2.49
1.62
0.25
0.28
1.6600000000000001
2.5
1.6300000000000001
0.21
0.25
1.6500000000000001
2.5100000000000002
1.6300000000000001
0.23
0.24
1.6500000000000001
2.5300000000000002
1.61
0.25
0.27
1.68
2.5100000000000002
1.61
0.25
0.25
1.68
2.5
1.62
0.22
0.26
1.6600000000000001
2.49
1.61
0.21
0.26
1.6500000000000001
2.5100000000000002
1.6
0.22
0.27
1.69
2.52
1.61
0.22
0.24
1.69
2.5
1.6
0.22
0.26
1.6500000000000001
2.5
1.6
0.21
0.26
1.69
2.5100000000000002
1.58
0.23
0.25
1.68
2.48
1.59
0.21
0.29
1.72
2.5
1.59
0.22
0.28
1.7
2.5
1.58
0.21
0.29
1.72
2.49
1.57
0.21
0.29
1.72
2.5100000000000002
1.58
0.2
0.28
1.71
2.5100000000000002
1.58
0.18
0.29
1.72
2.5100000000000002
1.57
0.19
0.29
1.73
2.49
1.56
0.18
0.27
1.74
2.5100000000000002
1.55
0.2
0.28
1.71
2.49
1.54
0.2
0.32
1.72
2.5100000000000002
1.54
0.19
0.31
1.75
2.49
1.55
0.17
0.32
1.73
2.5100000000000002
1.55
0.18
0.3
1.74
2.52
1.51
0.19
0.31
1.73
2.5
1.54
0.18
0.34
1.76
2.52
1.53
0.19
0.32
1.77
2.49
1.53
0.18
0.34
1.77
2.5100000000000002
1.51
0.18
0.35000000000000003
1.75
2.5
1.5
0.16
0.34
1.79
2.5
1.5
0.15
0.34
1.8
2.5
1.46
0.15
0.34
1.8
2.48
1.46
0.16
0.37
1.81
2.49
1.46
0.15
0.37
1.81
2.5
1.46
0.13
0.37
1.82
2.49
1.45
0.13
0.38
1.83
2.49
1.44
0.14
0.39
1.85
2.49
1.41
0.13
0.37
1.81
2.52
1.44
0.12
0.39
1.85
2.47
1.3900000000000001
0.13
0.39
1.85
2.48
1.43
0.12
0.39
1.84
2.48
1.41
0.12
0.41000000000000003
1.87
2.49
1.4000000000000001
0.11
0.41000000000000003
1.87
2.49
1.3800000000000001
0.11
0.42
1.8800000000000001
2.47
1.3900000000000001
0.12
0.42
1.8900000000000001
2.47
1.3800000000000001
0.1
0.44
1.8800000000000001
2.48
1.3800000000000001
0.11
0.44
1.9000000000000001
2.48
1.3800000000000001
0.12
0.44
1.9100000000000001
2.47
1.37
0.11
0.43
1.9100000000000001
2.48
1.36
0.09
0.43
1.9100000000000001
2.47
1.34
0.09
0.46
1.92
2.49
1.36
0.1
0.45
1.9100000000000001
2.47
1.35
0.11
0.46
1.92
2.48
1.33
0.08
0.44
1.8900000000000001
2.46
1.32
0.11
0.45
1.93
2.46
1.33
0.1
0.47000000000000003
1.94
2.47
1.33
0.09
0.45
1.94
2.46
1.33
0.08
0.46
1.95
2.46
1.31
0.08
0.47000000000000003
1.93
2.47
1.31
0.08
0.45
1.94
2.47
1.31
0.08
0.47000000000000003
1.92
2.46
1.32
0.07
0.49
1.93
2.48
1.32
0.07
0.48
1.95
2.45
1.3
0.1
0.5
1.96
2.46
1.31
0.08
0.48
1.95
2.45
1.29
0.07
0.47000000000000003
1.97
2.46
1.28
0.08
0.5
1.97
2.45
1.28
0.08
0.52
1.97
2.46
1.29
0.07
0.48
1.97
2.46
1.28
0.07
0.5
1.96
2.46
1.27
0.08
0.49
1.97
2.46
1.28
0.08
0.5
1.98
2.44
1.27
0.07
0.52
1.97
2.45
1.27
0.06
0.5
1.99
2.45
1.25
0.07
0.52
1.99
2.45
1.28
0.06
0.49
1.98
2.44
1.27
0.06
0.53
2.0
2.43
1.22
0.07
0.52
1.99
2.43
1.23
0.07
0.56
1.99
2.43
1.22
0.07
0.54
2.0100000000000002
2.43
1.21
0.04
0.56
1.99
2.44
1.22
0.07
0.53
2.0
2.45
1.22
0.06
0.5700000000000001
2.02
2.42
1.21
0.06
0.5700000000000001
2.04
2.43
1.19
0.04
0.5700000000000001
2.02
2.42
1.22
0.04
0.56
2.04
2.44
1.2
0.05
0.59
2.04
2.44
1.19
0.05
0.58
2.0300000000000002
2.43
1.17
0.06
0.59
2.05
2.42
1.17
0.06
0.58
2.04
2.43
1.16
0.03
0.58
2.09
2.42
1.16
0.05
0.6
2.07
2.41
1.16
0.03
0.58
2.08
2.42
1.16
0.03
0.6
2.09
2.41
1.1500000000000001
0.04
0.61
2.07
2.4
1.1400000000000001
0.05
0.62
2.07
2.42
1.1500000000000001
0.02
0.63
2.08
2.42
1.1500000000000001
0.0
0.61
2.08
2.4
1.1300000000000001
0.04
0.63
2.12
2.4
1.1300000000000001
0.06
0.65
2.08
2.38
1.12
0.01
0.66
2.08
2.42
1.11
0.03
0.65
2.1
2.38
1.08
0.03
0.65
2.11
2.37
1.1
0.0
0.66
2.1
2.36
1.07
0.03
0.68
2.12
2.35
1.09
0.02
0.67
2.14
2.37
1.07
0.01
0.68
2.15
2.39
1.05
0.02
0.68
2.12
2.37
1.06
0.01
0.7000000000000001
2.14
2.37
1.06
0.02
0.7000000000000001
2.16
2.36
1.02
0.0
0.66
2.15
2.37
1.05
0.02
0.7000000000000001
2.15
2.35
1.07
0.03
0.7000000000000001
2.15
2.36
1.05
0.03
0.72
2.17
2.34
1.03
0.01
0.72
2.17
2.36
1.02
0.03
0.72
2.16
2.36
1.04
0.02
0.71
2.15
2.36
1.01
0.01
0.73
2.18
2.36
1.01
0.02
0.7000000000000001
2.18
2.34
1.0
0.02
0.73
2.18
2.35
1.01
0.01
0.73
2.18
2.33
1.01
0.01
0.75
2.18
2.35
1.0
0.01
0.77
2.17
2.34
1.0
0.02
0.76
2.21
2.34
0.96
0.01
0.77
2.19
2.33
0.99
0.0
0.78
2.2
2.32
0.98
0.01
0.76
2.21
2.3000000000000003
0.96
0.02
0.78
2.22
2.31
0.9500000000000001
0.01
0.78
2.22
2.3000000000000003
0.9500000000000001
0.0
0.8
2.22
2.32
0.92
0.0
0.8
2.23
2.32
0.9500000000000001
0.01
0.81
2.22
2.31
0.9400000000000001
0.01
0.8
2.22
2.32
0.9400000000000001
0.01
0.8200000000000001
2.23
2.31
0.93
0.0
0.81
2.23
2.31
0.92
0.0
0.8
2.24
2.3000000000000003
0.91
0.0
0.8200000000000001
2.24
2.2800000000000002
0.92
0.02
0.85
2.25
2.27
0.9
0.02
0.85
2.23
2.2800000000000002
0.88
0.01
0.86
2.2600000000000002
2.29
0.9
0.0
0.85
2.2600000000000002
2.27
0.89
0.0
0.85
2.24
2.27
0.9
0.0
0.86
2.27
2.25
0.87
0.01
0.88
2.27
2.2600000000000002
0.85
0.0
0.88
2.2600000000000002
2.27
0.86
0.03
0.88
2.29
2.25
0.86
0.01
0.91
2.2800000000000002
2.25
0.85
0.0
0.9
2.29
2.25
0.85
0.0
0.9
2.2800000000000002
2.2600000000000002
0.85
0.0
0.9
2.2800000000000002
2.2600000000000002
0.84
0.03
0.91
2.27
2.24
0.8300000000000001
0.0
0.89
2.29
2.24
0.8200000000000001
0.0
0.92
2.31
2.24
0.8200000000000001
0.0
0.9
2.31
2.24
0.81
0.03
0.93
2.3000000000000003
2.21
0.78
0.01
0.93
2.3000000000000003
2.21
0.8
0.01
0.9500000000000001
2.31
2.22
0.79
0.0
0.96
2.33
2.22
0.78
0.01
0.96
2.31
2.22
0.78
0.01
0.96
2.32
2.22
0.77
0.02
0.98
2.35
2.2
0.77
0.02
0.98
2.32
2.21
0.75
0.0
0.97
2.31
2.21
0.75
0.02
0.98
2.35
2.19
0.75
0.0
1.0
2.33
2.18
0.76
0.02
1.0
2.33
2.18
0.73
0.02
1.01
2.34
2.18
0.75
0.02
1.01
2.34
2.19
0.72
0.02
1.01
2.35
2.18
0.72
0.02
1.0
2.33
2.18
0.71
0.0
1.02
2.36
2.17
0.71
0.01
1.03
2.35
2.15
0.7000000000000001
0.0
1.03
2.36
2.17
0.73
0.03
1.04
2.34
2.14
0.72
0.01
1.05
2.36
2.13
0.6900000000000001
0.01
1.04
2.37
2.14
0.68
0.01
1.05
2.36
2.15
0.67
0.03
1.05
2.38
2.13
0.67
0.03
1.06
2.37
2.12
0.67
0.01
1.08
2.38
2.14
0.67
0.03
1.09
2.38
2.12
0.67
0.02
1.09
2.4
2.12
0.68
0.03
1.08
2.38
2.13
0.66
0.04
1.09
2.38
2.11
0.66
0.02
1.1
2.38
2.11
0.63
0.03
1.1
2.4
2.11
0.63
0.04
1.11
2.37
2.09
0.62
0.04
1.11
2.38
2.1
0.65
0.03
1.1400000000000001
2.4
2.1
0.64
0.02
1.11
2.4
2.08
0.64
0.02
1.11
2.39
2.09
0.63
0.04
1.1300000000000001
2.41
2.08
0.62
0.02
1.12
2.4
2.09
0.62
0.01
1.12
2.42
2.09
0.61
0.03
1.1400000000000001
2.4
2.09
0.6
0.02
1.1500000000000001
2.42
2.07
0.62
0.04
1.17
2.4
2.06
0.62
0.03
1.12
2.42
2.06
0.61
0.05
1.17
2.42
2.04
0.58
0.05
1.17
2.42
2.06
0.58
0.05
1.17
2.4
2.06
0.5700000000000001
0.05
1.19
2.41
2.06
0.59
0.04
1.19
2.42
2.0300000000000002
0.58
0.06
1.19
2.42
2.04
0.55
0.07
1.2
2.44
2.02
0.56
0.05
1.24
2.43
2.02
0.55
0.06
1.23
2.44
2.0100000000000002
0.53
0.07
1.24
2.43
1.99
0.54
0.05
1.25
2.42
1.99
0.53
0.07
1.24
2.43
2.0
0.5
0.09
1.27
2.45
1.97
0.5
0.09
1.28
2.46
1.97
0.49
0.07
1.27
2.45
1.97
0.5
0.08
1.26
2.44
1.94
0.49
0.09
1.29
2.46
1.96
0.49
0.1
1.3
2.44
1.93
0.45
0.06
1.32
2.46
1.93
0.48
0.07
1.32
2.47
1.93
0.47000000000000003
0.09
1.34
2.46
1.92
0.44
0.08
1.35
2.46
1.9000000000000001
0.45
0.1
1.35
2.49
1.9000000000000001
0.44
0.11
1.36
2.48
1.87
0.43
0.1
1.36
2.47
1.9000000000000001
0.42
0.1
1.3800000000000001
2.49
1.8800000000000001
0.44
0.11
1.3900000000000001
2.47
1.8800000000000001
0.41000000000000003
0.11
1.3800000000000001
2.48
1.87
0.39
0.11
1.4000000000000001
2.5
1.87
0.4
0.13
1.42
2.49
1.85
0.41000000000000003
0.13
1.4000000000000001
2.48
1.84
0.39
0.11
1.43
2.48
1.84
0.4
0.12
1.42
2.46
1.84
0.38
0.14
1.45
2.5
1.82
0.37
0.15
1.46
2.5
1.81
0.37
0.13
1.43
2.49
1.81
0.38
0.15
1.47
2.47
1.82
0.35000000000000003
0.15
1.46
2.49
1.81
0.33
0.15
1.47
2.48
1.8
0.35000000000000003
0.15
1.46
2.48
1.8
0.35000000000000003
0.17
1.5
2.49
1.8
0.35000000000000003
0.16
1.49
2.49
1.79
0.34
0.19
1.5
2.5
1.79
0.33
0.17
1.52
2.5100000000000002
1.75
0.34
0.15
1.51
2.5100000000000002
1.77
0.33
0.17
1.49
2.48
1.76
0.33
0.15
1.53
2.49
1.77
0.33
0.18
1.52
2.49
1.73
0.31
0.17
1.51
2.5100000000000002
1.76
0.3
0.2
1.52
2.49
1.73
0.3
0.17
1.56
2.5100000000000002
1.74
0.29
0.18
1.53
2.5100000000000002
1.71
0.31
0.15
1.53
2.49
1.75
0.29
0.2
1.55
2.48
1.73
0.3
0.18
1.57
2.5
1.74
0.3
0.19
1.55
2.5
1.75
0.3
0.2
1.57
2.5100000000000002
1.73
0.29
0.18
1.54
2.52
1.73
0.3
0.19
1.54
2.5
1.71
0.29
0.18
1.56
2.5
1.7
0.3
0.2
1.56
2.5100000000000002
1.72
0.28
0.19
1.57
2.5100000000000002
1.71
0.29
0.21
1.57
2.49
1.71
0.27
0.2
1.58
2.5
1.71
0.25
0.22
1.59
2.47
1.7
0.26
0.2
1.6
2.49
1.69
0.27
0.2
1.59
2.5100000000000002
1.68
0.27
0.22
1.58
2.5
1.69
0.26
0.23
1.61
2.5
1.6600000000000001
0.26
0.24
1.59
2.5100000000000002
1.68
0.26
0.23
1.61
2.48
1.67
0.25
0.24
1.6300000000000001
2.5100000000000002
1.6600000000000001
0.26
0.24
1.6400000000000001
2.5
1.6400000000000001
0.24
0.24
1.6500000000000001
2.5
1.67
0.23
0.25
1.6600000000000001
2.52
1.6400000000000001
0.24
0.26
1.6500000000000001
2.5100000000000002
1.6300000000000001
0.24
0.25
1.6400000000000001
2.5
1.6300000000000001
0.22
0.26
1.68
2.49
1.62
0.22
0.27
1.67
2.5
1.6
0.23
0.25
1.68
2.5100000000000002
1.6
0.24
0.27
1.69
2.5100000000000002
1.6
0.22
0.27
1.68
2.5100000000000002
1.6
0.23
0.25
1.71
2.5
1.59
0.2
0.3
1.7
2.5100000000000002
1.57
0.22
0.26
1.71
2.5100000000000002
1.58
0.19
0.3
1.74
2.52
1.55
0.21
0.28
1.72
2.5100000000000002
1.56
0.19
0.28
1.73
2.5
1.54
0.19
0.32
1.74
2.5100000000000002
1.56
0.19
0.32
1.72
2.5100000000000002
1.53
0.18
0.32
1.76
2.48
1.52
0.16
0.31
1.75
2.5100000000000002
1.52
0.19
0.32
1.75
2.5
1.52
0.18
0.33
1.77
2.49
1.52
0.17
0.34
1.77
2.5
1.49
0.15
0.35000000000000003
1.77
2.48
1.5
0.16
0.35000000000000003
1.78
2.49
1.5
0.16
0.36
1.78
2.5
1.48
0.15
0.35000000000000003
1.79
2.5
1.48
0.13
0.35000000000000003
1.81
2.5
1.47
0.13
0.37
1.82
2.49
1.47
0.15
0.36
1.81
2.49
1.46
0.15
0.38
1.82
2.49
1.45
0.15
0.39
1.82
2.52
1.43
0.13
0.37
1.83
2.47
1.43
0.14
0.37
1.83
2.48
1.43
0.12
0.39
1.86
2.49
1.43
0.13
0.4
1.86
2.5
1.4000000000000001
0.11
0.41000000000000003
1.87
2.5
1.3800000000000001
0.11
0.41000000000000003
1.8900000000000001
2.48
1.4000000000000001
0.13
0.4
1.87
2.48
1.3900000000000001
0.12
0.43
1.8900000000000001
2.48
1.3800000000000001
0.1
0.42
1.8900000000000001
2.48
1.3800000000000001
0.1
0.43
1.8800000000000001
2.47
1.37
0.1
0.45
1.8900000000000001
2.48
1.36
0.08
0.46
1.9000000000000001
2.46
1.35
0.1
0.46
1.9000000000000001
2.47
1.33
0.08
0.46
1.93
2.48
1.34
0.1
0.44
1.94
2.48
1.32
0.1
0.46
1.92
2.46
1.32
0.09
0.47000000000000003
1.95
2.45
1.31
0.09
0.49
1.96
2.47
1.31
0.09
0.49
1.94
2.46
1.31
0.08
0.48
1.94
2.44
1.31
0.08
0.47000000000000003
1.95
2.45
1.31
0.08
0.5
1.97
2.47
1.28
0.07
0.5
1.97
2.46
1.27
0.08
0.5
1.97
2.45
1.28
0.07
0.5
1.98
2.45
1.29
0.09
0.49
1.98
2.45
1.25
0.07
0.51
1.96
2.46
1.27
0.07
0.5
1.97
2.45
1.27
0.06
0.51
1.96
2.47
1.27
0.07
0.52
1.97
2.44
1.23
0.05
0.52
1.98
2.45
1.25
0.07
0.52
2.0100000000000002
2.43
1.23
0.07
0.53
1.99
2.45
1.26
0.06
0.52
2.02
2.45
1.23
0.04
0.52
1.99
2.44
1.24
0.06
0.54
1.99
2.43
1.23
0.07
0.56
2.02
2.45
1.21
0.04
0.55
2.0100000000000002
2.43
1.22
0.06
0.55
2.0300000000000002
2.44
1.2
0.05
0.5700000000000001
2.0300000000000002
2.44
1.22
0.05
0.58
2.04
2.43
1.18
0.06
0.5700000000000001
2.04
2.42
1.19
0.05
0.59
2.05
2.42
1.2
0.05
0.59
2.05
2.42
1.18
0.04
0.6
2.05
2.4
1.17
0.04
0.59
2.05
2.4
1.17
0.04
0.59
2.06
2.4
1.1500000000000001
0.02
0.6
2.08
2.41
1.1300000000000001
0.05
0.62
2.08
2.4
1.1400000000000001
0.04
0.6
2.08
2.4
1.1400000000000001
0.02
0.63
2.1
2.4
1.1400000000000001
0.02
0.65
2.08
2.41
1.1
0.01
0.64
2.1
2.4
1.1
0.03
0.63
2.11
2.38
1.09
0.04
0.66
2.11
2.38
1.11
0.03
0.66
2.11
2.39
1.1
0.01
0.67
2.1
2.38
1.07
0.03
0.68
2.13
2.39
1.07
0.03
0.6900000000000001
2.13
2.38
1.06
0.01
0.6900000000000001
2.13
2.35
1.05
0.01
0.66
2.15
2.37
1.04
0.01
0.7000000000000001
2.13
2.36
1.04
0.01
0.7000000000000001
2.14
2.37
1.04
0.03
0.7000000000000001
2.16
2.35
1.03
0.01
0.73
2.16
2.37
1.03
0.02
0.72
2.16
2.35
1.01
0.01
0.72
2.17
2.38
1.03
0.03
0.73
2.16
2.36
1.0
0.02
0.73
2.15
2.37
1.02
0.02
0.7000000000000001
2.15
2.35
1.01
0.01
0.73
2.18
2.34
1.02
0.02
0.73
2.18
2.34
1.0
0.01
0.73
2.17
2.34
1.05
0.02
0.71
2.19
2.33
1.0
0.02
0.76
2.18
2.33
0.99
0.0
0.74
2.19
2.34
0.99
0.02
0.76
2.18
2.34
0.97
0.0
0.77
2.19
2.32
0.97
0.01
0.77
2.2
2.32
0.96
0.02
0.79
2.21
2.32
0.96
0.02
0.78
2.22
2.32
0.9500000000000001
0.0
0.8
2.22
2.31
0.96
0.0
0.8
2.22
2.32
0.9500000000000001
0.04
0.77
2.25
2.31
0.9400000000000001
0.0
0.81
2.22
2.3000000000000003
0.93
0.02
0.8
2.24
2.3000000000000003
0.91
0.0
0.8300000000000001
2.24
2.3000000000000003
0.9
0.0
0.8300000000000001
2.25
2.31
0.91
0.0
0.8200000000000001
2.25
2.2800000000000002
0.91
0.01
0.81
2.25
2.2800000000000002
0.87
0.02
0.8300000000000001
2.24
2.2800000000000002
0.87
0.01
0.84
2.27
2.2800000000000002
0.89
0.0
0.84
2.25
2.2600000000000002
0.89
0.01
0.86
2.25
2.2600000000000002
0.89
0.01
0.86
2.27
2.27
0.85
0.0
0.87
2.27
2.2600000000000002
0.86
0.0
0.87
2.27
2.27
0.85
0.01
0.9
2.2800000000000002
2.25
0.85
0.01
0.87
2.2800000000000002
2.2600000000000002
0.84
0.01
0.88
2.2800000000000002
2.25
0.84
0.02
0.9
2.27
2.23
0.8200000000000001
0.01
0.9
2.2800000000000002
2.24
0.84
0.01
0.92
2.3000000000000003
2.24
0.8200000000000001
0.02
0.92
2.31
2.22
0.8200000000000001
0.0
0.92
2.3000000000000003
2.22
0.8200000000000001
0.01
0.91
2.3000000000000003
2.23
0.79
0.0
0.93
2.3000000000000003
2.23
0.8
0.02
0.92
2.3000000000000003
2.23
0.8
0.03
0.9500000000000001
2.31
2.22
0.79
0.0
0.92
2.33
2.22
0.79
0.01
0.9500000000000001
2.29
2.21
0.8
0.0
0.9500000000000001
2.31
2.23
0.78
0.01
0.9400000000000001
2.31
2.23
0.79
0.01
0.96
2.32
2.24
0.78
0.0
0.9400000000000001
2.31
2.2
0.77
0.02
0.96
2.32
2.22
0.79
0.0
0.9500000000000001
2.32
2.22
0.77
0.01
0.96
2.32
2.19
0.76
0.0
0.97
2.31
2.2
0.77
0.01
0.96
2.33
2.2
0.75
0.0
0.97
2.32
2.2
0.75
0.03
0.97
2.33
2.2
0.76
0.02
0.97
2.33
2.22
0.76
0.0
0.98
2.33
2.18
0.76
0.01
1.0
2.32
2.19
0.75
0.01
0.97
2.34
2.18
0.74
0.0
0.99
2.34
2.19
0.75
0.0
1.01
2.34
2.17
0.74
0.0
1.01
2.33
2.16
0.74
0.02
1.02
2.36
2.17
0.73
0.0
1.03
2.35
2.17
0.73
0.01
1.01
2.35
2.17
0.72
0.02
1.03
2.35
2.17
0.72
0.04
1.02
2.35
2.17
0.72
0.01
1.04
2.36
2.16
0.71
0.03
1.04
2.35
2.16
0.7000000000000001
0.02
1.03
2.35
2.15
0.7000000000000001
0.01
1.06
2.35
2.12
0.6900000000000001
0.03
1.05
2.37
2.14
0.68
0.03
1.07
2.37
2.13
0.68
0.03
1.09
2.38
2.12
0.67
0.02
1.08
2.39
2.12
0.68
0.03
1.08
2.37
2.11
0.67
0.02
1.09
2.39
2.1
0.66
0.03
1.1
2.4
2.12
0.66
0.02
1.11
2.37
2.09
0.63
0.03
1.1500000000000001
2.38
2.09
0.63
0.02
1.1
2.41
2.11
0.63
0.0
1.12
2.4
2.09
0.64
0.04
1.12
2.4
2.09
0.64
0.02
1.1300000000000001
2.41
2.08
0.63
0.04
1.1400000000000001
2.39
2.08
0.63
0.05
1.1400000000000001
2.41
2.08
0.6
0.03
1.1500000000000001
2.4
2.08
0.61
0.03
1.1300000000000001
2.42
2.07
0.6
0.03
1.1500000000000001
2.39
2.08
0.6
0.02
1.1400000000000001
2.4
2.09
0.62
0.05
1.1500000000000001
2.4
2.07
0.63
0.05
1.17
2.42
2.05
0.58
0.03
1.17
2.42
2.06
0.59
0.03
1.18
2.41
2.05
0.59
0.05
1.18
2.42
2.05
0.58
0.05
1.17
2.42
2.04
0.6
0.05
1.17
2.42
2.05
0.56
0.05
1.18
2.42
2.05
0.56
0.06
1.2
2.43
2.0300000000000002
0.55
0.04
1.2
2.42
2.0100000000000002
0.56
0.04
1.22
2.42
2.0300000000000002
0.53
0.05
1.21
2.44
2.0300000000000002
0.55
0.06
1.21
2.41
2.02
0.53
0.06
1.23
2.44
2.0
0.55
0.05
1.23
2.44
2.0100000000000002
0.52
0.07
1.24
2.44
1.99
0.52
0.05
1.24
2.45
1.99
0.53
0.05
1.25
2.44
2.0100000000000002
0.52
0.06
1.26
2.45
1.99
0.53
0.08
1.27
2.45
1.99
0.51
0.06
1.26
2.44
1.98
0.51
0.07
1.27
2.44
1.97
0.5
0.08
1.27
2.44
1.98
0.52
0.05
1.26
2.45
1.98
0.5
0.08
1.28
2.46
1.97
0.51
0.06
1.3
2.46
1.96
0.48
0.08
1.29
2.45
1.95
0.5
0.06
1.29
2.46
1.94
0.49
0.07
1.3
2.47
1.96
0.49
0.07
1.29
2.47
1.93
0.49
0.08
1.31
2.45
1.93
0.48
0.09
1.32
2.46
1.93
0.47000000000000003
0.08
1.31
2.47
1.95
0.46
0.07
1.32
2.46
1.94
0.46
0.06
1.32
2.45
1.94
0.46
0.09
1.33
2.47
1.92
0.46
0.1
1.33
2.48
1.93
0.46
0.1
1.33
2.46
1.95
0.44
0.11
1.32
2.47
1.93
0.46
0.09
1.33
2.46
1.92
0.48
0.1
1.33
2.47
1.92
0.44
0.1
1.33
2.47
1.9000000000000001
0.45
0.09
1.34
2.46
1.9100000000000001
0.46
0.1
1.33
2.48
1.9100000000000001
0.45
0.1
1.35
2.48
1.92
0.44
0.09
1.36
2.45
1.92
0.44
0.1
1.35
2.45
1.92
0.45
0.11
1.34
2.48
1.94
0.45
0.09
1.3800000000000001
2.5100000000000002
1.9100000000000001
0.44
0.12
1.35
2.47
1.9100000000000001
0.43
0.09
1.37
2.46
1.87
0.44
0.11
1.35
2.47
1.9000000000000001
0.41000000000000003
0.12
1.35
2.48
1.8900000000000001
0.43
0.11
1.3800000000000001
2.47
1.8800000000000001
0.44
0.11
1.3900000000000001
2.47
1.8900000000000001
0.42
0.09
1.3900000000000001
2.49
1.8800000000000001
0.41000000000000003
0.1
1.37
2.47
1.8800000000000001
0.4
0.11
1.3900000000000001
2.48
1.85
0.4
0.12
1.4000000000000001
2.47
1.87
0.42
0.1
1.4000000000000001
2.48
1.87
0.39
0.13
1.41
2.49
1.86
0.4
0.11
1.42
2.48
1.87
0.39
0.12
1.42
2.48
1.87
0.41000000000000003
0.13
1.42
2.47
1.85
0.36
0.13
1.43
2.47
1.84
0.37
0.14
1.44
2.49
1.84
0.36
0.12
1.41
2.49
1.83
0.38
0.13
1.46
2.49
1.83
0.36
0.14
1.46
2.49
1.81
0.37
0.17
1.45
2.49
1.79
0.35000000000000003
0.15
1.46
2.5100000000000002
1.77
0.34
0.14
1.47
2.49
1.77
0.35000000000000003
0.18
1.47
2.5
1.81
0.33
0.17
1.47
2.5
1.8
0.34
0.15
1.49
2.49
1.79
0.33
0.16
1.49
2.5
1.77
0.35000000000000003
0.17
1.47
2.49
1.78
0.34
0.15
1.5
2.5
1.78
0.34
0.15
1.52
2.5
1.77
0.32
0.18
1.52
2.5
1.78
0.3
0.19
1.54
2.5100000000000002
1.73
0.31
0.19
1.53
2.5100000000000002
1.73
0.31
0.19
1.54
2.5
1.73
0.31
0.19
1.55
2.5100000000000002
1.71
0.31
0.21
1.57
2.54
1.73
0.3
0.22
1.56
2.49
1.7
0.25
0.21
1.57
2.52
1.71
0.28
0.21
1.55
2.48
1.72
0.28
0.22
1.58
2.5100000000000002
1.68
0.27
0.21
1.61
2.5100000000000002
1.69
0.25
0.22
1.6
2.5100000000000002
1.68
0.26
0.22
1.62
2.5
1.68
0.23
0.23
1.61
2.5
1.6600000000000001
0.26
0.2
1.61
2.5
1.6500000000000001
0.25
0.25
1.61
2.52
1.67
0.25
0.23
1.6300000000000001
2.5100000000000002
1.6500000000000001
0.25
0.25
1.62
2.5
1.6400000000000001
0.24
0.23
1.6300000000000001
2.5100000000000002
1.6400000000000001
0.23
0.28
1.6500000000000001
2.5
1.6400000000000001
0.24
0.25
1.6600000000000001
2.52
1.6400000000000001
0.22
0.23
1.6500000000000001
2.5100000000000002
1.62
0.24
0.26
1.68
2.5
1.6
0.24
0.25
1.68
2.5300000000000002
1.59
0.21
0.27
1.69
2.5
1.6
0.22
0.24
1.69
2.5100000000000002
1.58
0.21
0.29
1.7
2.5
1.58
0.2
0.29
1.71
2.5
1.56
0.21
0.28
1.72
2.48
1.56
0.19
0.28
1.72
2.5
1.57
0.18
0.3
1.72
2.5100000000000002
1.56
0.19
0.31
1.71
2.5100000000000002
1.56
0.2
0.3
1.74
2.5100000000000002
1.54
0.18
0.31
1.76
2.54
1.54
0.18
0.3
1.73
2.49
1.54
0.18
0.31
1.74
2.5100000000000002
1.53
0.19
0.3
1.75
2.49
1.54
0.18
0.3
1.73
2.5100000000000002
1.53
0.19
0.32
1.73
2.5100000000000002
1.53
0.17
0.33
1.77
2.5
1.53
0.17
0.32
1.76
2.47
1.53
0.19
0.32
1.77
2.49
1.5
0.17
0.32
1.78
2.5
1.49
0.17
0.34
1.76
2.5100000000000002
1.5
0.15
0.34
1.8
2.5100000000000002
1.49
0.15
0.33
1.8
2.5
1.5
0.16
0.35000000000000003
1.79
2.48
1.47
0.15
0.35000000000000003
1.8
2.5
1.45
0.15
0.36
1.8
2.47
1.48
0.14
0.35000000000000003
1.81
2.49
1.45
0.15
0.37
1.81
2.5
1.45
0.13
0.38
1.81
2.49
1.45
0.13
0.36
1.82
2.49
1.43
0.14
0.37
1.82
2.49
1.42
0.13
0.39
1.84
2.47
1.4000000000000001
0.12
0.38
1.84
2.49
1.42
0.12
0.38
1.85
2.49
1.42
0.12
0.41000000000000003
1.85
2.49
1.41
0.13
0.41000000000000003
1.87
2.47
1.4000000000000001
0.11
0.4
1.86
2.49
1.4000000000000001
0.11
0.41000000000000003
1.8800000000000001
2.46
1.4000000000000001
0.12
0.42
1.87
2.5
1.3800000000000001
0.12
0.42
1.87
2.47
1.4000000000000001
0.12
0.42
1.8900000000000001
2.46
1.36
0.12
0.43
1.8800000000000001
2.47
1.3800000000000001
0.09
0.44
1.8900000000000001
2.47
1.36
0.09
0.42
1.8800000000000001
2.47
1.3900000000000001
0.11
0.43
1.9000000000000001
2.49
1.37
0.1
0.42
1.8800000000000001
2.48
1.3800000000000001
0.09
0.44
1.8900000000000001
2.46
1.37
0.09
0.43
1.9100000000000001
2.47
1.3900000000000001
0.1
0.44
1.9000000000000001
2.47
1.37
0.09
0.42
1.8900000000000001
2.47
1.35
0.09
0.44
1.9100000000000001
2.47
1.35
0.09
0.43
1.92
2.48
1.33
0.09
0.45
1.9000000000000001
2.48
1.35
0.09
0.44
1.93
2.47
1.35
0.09
0.44
1.9000000000000001
2.46
1.33
0.09
0.44
1.93
2.48
1.34
0.09
0.47000000000000003
1.93
2.46
1.33
0.09
0.46
1.94
2.43
1.33
0.1
0.47000000000000003
1.94
2.46
1.33
0.07
0.45
1.95
2.46
1.32
0.08
0.47000000000000003
1.95
2.46
1.3
0.09
0.49
1.95
2.45
1.3
0.09
0.49
1.97
2.47
1.29
0.08
0.49
1.97
2.42
1.28
0.08
0.49
1.97
2.44
1.27
0.07
0.5
1.97
2.46
1.27
0.07
0.51
1.97
2.44
1.28
0.05
0.54
1.98
2.44
1.25
0.07
0.52
2.0
2.43
1.29
0.09
0.52
1.99
2.45
1.25
0.08
0.51
1.97
2.44
1.26
0.05
0.54
1.98
2.45
1.26
0.06
0.52
1.98
2.43
1.24
0.06
0.55
2.02
2.43
1.21
0.06
0.51
1.98
2.43
1.22
0.05
0.55
2.0
2.44
1.21
0.05
0.55
2.0300000000000002
2.42
1.21
0.05
0.53
2.0300000000000002
2.43
1.2
0.04
0.56
2.0300000000000002
2.43
1.22
0.04
0.5700000000000001
2.0300000000000002
2.44
1.19
0.05
0.56
2.05
2.44
1.16
0.07
0.5700000000000001
2.04
2.42
1.18
0.04
0.6
2.06
2.42
1.18
0.04
0.6
2.04
2.4
1.17
0.03
0.6
2.05
2.41
1.1400000000000001
0.05
0.6
2.08
2.42
1.1500000000000001
0.04
0.6
2.07
2.4
1.16
0.05
0.61
2.06
2.4
1.1400000000000001
0.02
0.62
2.08
2.42
1.11
0.04
0.61
2.08
2.4
1.1300000000000001
0.04
0.62
2.1
2.38
1.12
0.02
0.63
2.08
2.4
1.12
0.04
0.65
2.11
2.37
1.12
0.03
0.64
2.1
2.41
1.12
0.02
0.66
2.09
2.4
1.12
0.03
0.66
2.1
2.4
1.08
0.02
0.65
2.12
2.38
1.09
0.02
0.65
2.11
2.42
1.1
0.02
0.66
2.13
2.39
1.08
0.01
0.64
2.12
2.38
1.09
0.04
0.68
2.12
2.32
1.07
0.03
0.68
2.13
2.36
1.08
0.03
0.66
2.13
2.37
1.07
0.01
0.68
2.14
2.37
1.06
0.03
0.7000000000000001
2.15
2.37
1.06
0.01
0.7000000000000001
2.13
2.36
1.05
0.02
0.6900000000000001
2.16
2.36
1.05
0.02
0.7000000000000001
2.14
2.37
1.05
0.01
0.71
2.14
2.37
1.02
0.01
0.72
2.17
2.36
1.02
0.01
0.72
2.15
2.35
1.02
0.03
0.71
2.17
2.36
1.02
0.0
0.74
2.17
2.35
1.02
0.03
0.73
2.16
2.31
1.01
0.02
0.73
2.17
2.34
1.0
0.0
0.75
2.19
2.37
1.01
0.0
0.74
2.2
2.32
1.0
0.02
0.79
2.18
2.32
0.99
0.0
0.77
2.19
2.32
0.9400000000000001
0.01
0.75
2.2
2.34
0.97
0.01
0.79
2.21
2.32
0.96
0.0
0.76
2.2
2.31
0.9400000000000001
0.02
0.79
2.21
2.33
0.92
0.01
0.8
2.23
2.31
0.93
0.01
0.81
2.22
2.3000000000000003
0.9400000000000001
0.01
0.8
2.24
2.3000000000000003
0.92
0.0
0.8
2.24
2.3000000000000003
0.92
0.0
0.84
2.23
2.3000000000000003
0.91
0.0
0.84
2.23
2.2800000000000002
0.89
0.02
0.84
2.2600000000000002
2.27
0.88
0.01
0.84
2.25
2.27
0.89
0.01
0.86
2.25
2.2600000000000002
0.86
0.01
0.87
2.27
2.25
0.86
0.02
0.88
2.27
2.27
0.87
0.01
0.89
2.2600000000000002
2.27
0.86
0.0
0.9
2.27
2.24
0.85
0.01
0.88
2.29
2.25
0.8200000000000001
0.0
0.91
2.29
2.24
0.8300000000000001
0.01
0.92
2.29
2.22
0.81
0.01
0.93
2.29
2.23
0.8
0.01
0.92
2.31
2.24
0.8
0.0
0.9400000000000001
2.32
2.22
0.8
0.0
0.9500000000000001
2.3000000000000003
2.23
0.79
0.02
0.9500000000000001
2.31
2.19
0.78
0.02
0.98
2.32
2.21
0.77
0.02
0.9500000000000001
2.31
2.19
0.77
0.0
0.97
2.34
2.19
0.76
0.0
1.0
2.32
2.17
0.73
0.01
1.0
2.33
2.17
0.75
0.03
1.0
2.35
2.17
0.73
0.01
1.02
2.36
2.17
0.73
0.02
1.03
2.35
2.16
0.7000000000000001
0.02
1.03
2.35
2.16
0.72
0.0
1.05
2.36
2.16
0.71
0.01
1.06
2.37
2.13
0.71
0.03
1.05
2.35
2.15
0.7000000000000001
0.03
1.05
2.37
2.13
0.67
0.03
1.04
2.35
2.15
0.67
0.02
1.07
2.37
2.14
0.6900000000000001
0.01
1.09
2.37
2.11
0.6900000000000001
0.02
1.09
2.35
2.15
0.67
0.02
1.08
2.37
2.12
0.65
0.03
1.1
2.39
2.14
0.66
0.03
1.12
2.39
2.12
0.63
0.04
1.12
2.37
2.09
0.64
0.03
1.12
2.39
2.11
0.64
0.02
1.1400000000000001
2.4
2.09
0.61
0.03
1.1300000000000001
2.41
2.08
0.62
0.04
1.1400000000000001
2.4
2.07
0.61
0.03
1.16
2.4
2.07
0.59
0.03
1.12
2.42
2.06
0.59
0.02
1.1400000000000001
2.42
2.07
0.5700000000000001
0.03
1.1500000000000001
2.4
2.06
0.6
0.03
1.17
2.41
2.05
0.59
0.06
1.17
2.4
2.06
0.59
0.02
1.18
2.42
2.05
0.58
0.05
1.19
2.42
2.05
0.58
0.05
1.19
2.42
2.04
0.56
0.05